0,22.7,24.7,42.5,37.1,8.3,5.7,44.1
22.7,0,39.1,20.2,35.3,17.7,23.8,29.9
24.7,39.1,0,58.2,24.4,21.5,20.2,54.8
42.5,20.2,58.2,0,45,37.4,43.4,20.4
37.1,35.3,24.4,45,0,30.2,32.3,34.3
8.3,17.7,21.5,37.4,30.2,0,6.2,37.7
5.7,23.8,20.2,43.4,32.3,6.2,0,43.4
44.1,29.9,54.8,20.4,34.3,37.7,43.4,0